
    multiple_orders = [
    [[40, 50, 2], [20, 25, 4], [4, 25, 10], [0, 0, 0], [0, 0, 0], [0, 0, 0], [0, 0, 0], [0, 0, 0], [0, 0, 0], [0, 0, 0]],  # order_001
    [[40, 50, 1], [20, 25, 6], [4, 25, 20], [0, 0, 0], [0, 0, 0], [0, 0, 0], [0, 0, 0], [0, 0, 0], [0, 0, 0], [0, 0, 0]],  # order_002
    [[40, 50, 3], [20, 25, 6], [4, 25, 25], [0, 0, 0], [0, 0, 0], [0, 0, 0], [0, 0, 0], [0, 0, 0], [0, 0, 0], [0, 0, 0]],  # order_003
    [[40, 50, 4], [20, 25, 8], [4, 25, 30], [0, 0, 0], [0, 0, 0], [0, 0, 0], [0, 0, 0], [0, 0, 0], [0, 0, 0], [0, 0, 0]],  # order_004
    [[40, 50, 5], [20, 25, 10], [4, 25, 35], [0, 0, 0], [0, 0, 0], [0, 0, 0], [0, 0, 0], [0, 0, 0], [0, 0, 0], [0, 0, 0]],  # order_005
    [[40, 50, 6], [20, 25, 12], [4, 25, 40], [0, 0, 0], [0, 0, 0], [0, 0, 0], [0, 0, 0], [0, 0, 0], [0, 0, 0], [0, 0, 0]],  # order_006
    [[40, 50, 7], [20, 25, 14], [4, 25, 45], [0, 0, 0], [0, 0, 0], [0, 0, 0], [0, 0, 0], [0, 0, 0], [0, 0, 0], [0, 0, 0]],  # order_007
    [[40, 50, 8], [20, 25, 16], [4, 25, 50], [0, 0, 0], [0, 0, 0], [0, 0, 0], [0, 0, 0], [0, 0, 0], [0, 0, 0], [0, 0, 0]],  # order_008
    [[40, 50, 4], [20, 25, 8], [4, 25, 30], [50, 60, 2], [0, 0, 0], [0, 0, 0], [0, 0, 0], [0, 0, 0], [0, 0, 0], [0, 0, 0]],  # order_009
    [[40, 50, 5], [20, 25, 10], [4, 25, 35], [50, 60, 3], [0, 0, 0], [0, 0, 0], [0, 0, 0], [0, 0, 0], [0, 0, 0], [0, 0, 0]],  # order_010
    [[40, 50, 6], [20, 25, 12], [4, 25, 40], [50, 60, 4], [0, 0, 0], [0, 0, 0], [0, 0, 0], [0, 0, 0], [0, 0, 0], [0, 0, 0]],  # order_011
    [[40, 50, 7], [20, 25, 14], [4, 25, 45], [50, 60, 5], [0, 0, 0], [0, 0, 0], [0, 0, 0], [0, 0, 0], [0, 0, 0], [0, 0, 0]],  # order_012
    [[40, 50, 3], [20, 25, 6], [4, 25, 20], [30, 70, 2], [60, 80, 1], [0, 0, 0], [0, 0, 0], [0, 0, 0], [0, 0, 0], [0, 0, 0]],  # order_013
    [[40, 50, 4], [20, 25, 8], [4, 25, 25], [30, 70, 3], [60, 80, 2], [0, 0, 0], [0, 0, 0], [0, 0, 0], [0, 0, 0], [0, 0, 0]],  # order_014
    [[40, 50, 5], [20, 25, 10], [4, 25, 30], [30, 70, 4], [60, 80, 3], [0, 0, 0], [0, 0, 0], [0, 0, 0], [0, 0, 0], [0, 0, 0]],  # order_015
    [[40, 50, 6], [20, 25, 12], [4, 25, 35], [30, 70, 5], [60, 80, 4], [0, 0, 0], [0, 0, 0], [0, 0, 0], [0, 0, 0], [0, 0, 0]],  # order_016
    [[40, 50, 5], [20, 25, 10], [4, 25, 40], [50, 60, 2], [0, 0, 0], [0, 0, 0], [0, 0, 0], [0, 0, 0], [0, 0, 0], [0, 0, 0]],  # order_017
    [[40, 50, 6], [20, 25, 12], [4, 25, 45], [30, 70, 3], [0, 0, 0], [0, 0, 0], [0, 0, 0], [0, 0, 0], [0, 0, 0], [0, 0, 0]],  # order_018
    [[40, 50, 7], [20, 25, 14], [4, 25, 50], [60, 80, 2], [0, 0, 0], [0, 0, 0], [0, 0, 0], [0, 0, 0], [0, 0, 0], [0, 0, 0]],  # order_019
    [[40, 50, 8], [20, 25, 16], [4, 25, 55], [50, 60, 3], [0, 0, 0], [0, 0, 0], [0, 0, 0], [0, 0, 0], [0, 0, 0], [0, 0, 0]],  # order_020
    [[40, 50, 9], [20, 25, 18], [4, 25, 60], [30, 70, 4], [0, 0, 0], [0, 0, 0], [0, 0, 0], [0, 0, 0], [0, 0, 0], [0, 0, 0]],  # order_021
    [[40, 50, 10], [20, 25, 20], [4, 25, 65], [60, 80, 3], [0, 0, 0], [0, 0, 0], [0, 0, 0], [0, 0, 0], [0, 0, 0], [0, 0, 0]],  # order_022
    [[40, 50, 11], [20, 25, 22], [4, 25, 70], [50, 60, 4], [0, 0, 0], [0, 0, 0], [0, 0, 0], [0, 0, 0], [0, 0, 0], [0, 0, 0]],  # order_023
    [[40, 50, 12], [20, 25, 24], [4, 25, 75], [30, 70, 5], [0, 0, 0], [0, 0, 0], [0, 0, 0], [0, 0, 0], [0, 0, 0], [0, 0, 0]],  # order_024
    [[40, 50, 13], [20, 25, 26], [4, 25, 80], [60, 80, 4], [0, 0, 0], [0, 0, 0], [0, 0, 0], [0, 0, 0], [0, 0, 0], [0, 0, 0]],  # order_025
    [[40, 50, 14], [20, 25, 28], [4, 25, 85], [50, 60, 5], [0, 0, 0], [0, 0, 0], [0, 0, 0], [0, 0, 0], [0, 0, 0], [0, 0, 0]],  # order_026
    [[40, 50, 15], [20, 25, 30], [4, 25, 90], [30, 70, 6], [0, 0, 0], [0, 0, 0], [0, 0, 0], [0, 0, 0], [0, 0, 0], [0, 0, 0]],  # order_027
    [[40, 50, 16], [20, 25, 32], [4, 25, 95], [60, 80, 5], [0, 0, 0], [0, 0, 0], [0, 0, 0], [0, 0, 0], [0, 0, 0], [0, 0, 0]],  # order_028
    [[40, 50, 17], [20, 25, 34], [4, 25, 100], [50, 60, 6], [0, 0, 0], [0, 0, 0], [0, 0, 0], [0, 0, 0], [0, 0, 0], [0, 0, 0]],  # order_029
    [[40, 50, 18], [20, 25, 36], [4, 25, 105], [30, 70, 7], [0, 0, 0], [0, 0, 0], [0, 0, 0], [0, 0, 0], [0, 0, 0], [0, 0, 0]],  # order_030
    [[45, 55, 20], [22, 27, 40], [4, 26, 110], [32, 72, 8], [0, 0, 0], [0, 0, 0], [0, 0, 0], [0, 0, 0], [0, 0, 0], [0, 0, 0]],  # order_031
    [[50, 60, 22], [24, 28, 45], [5, 27, 120], [35, 75, 9], [60, 80, 5], [0, 0, 0], [0, 0, 0], [0, 0, 0], [0, 0, 0], [0, 0, 0]],  # order_032
    [[55, 65, 24], [26, 30, 50], [5, 28, 130], [38, 78, 10], [65, 85, 6], [0, 0, 0], [0, 0, 0], [0, 0, 0], [0, 0, 0], [0, 0, 0]],  # order_033
    [[60, 70, 26], [28, 32, 55], [6, 30, 140], [40, 80, 11], [70, 90, 7], [0, 0, 0], [0, 0, 0], [0, 0, 0], [0, 0, 0], [0, 0, 0]],  # order_034
    [[65, 75, 28], [30, 34, 60], [6, 32, 150], [42, 82, 12], [75, 95, 8], [0, 0, 0], [0, 0, 0], [0, 0, 0], [0, 0, 0], [0, 0, 0]],  # order_035
    [[70, 80, 30], [32, 36, 65], [7, 34, 160], [45, 80, 13], [80, 80, 9], [0, 0, 0], [0, 0, 0], [0, 0, 0], [0, 0, 0], [0, 0, 0]],  # order_036
    [[75, 80, 32], [34, 38, 70], [7, 36, 170], [48, 20, 14], [80, 60, 10], [0, 0, 0], [0, 0, 0], [0, 0, 0], [0, 0, 0], [0, 0, 0]],  # order_037
    [[80, 80, 34], [36, 40, 75], [8, 38, 180], [50, 60, 15], [80, 40, 11], [0, 0, 0], [0, 0, 0], [0, 0, 0], [0, 0, 0], [0, 0, 0]],  # order_038
    [[50, 20, 36], [38, 42, 80], [8, 40, 190], [52, 80, 16], [30, 30, 12], [0, 0, 0], [0, 0, 0], [0, 0, 0], [0, 0, 0], [0, 0, 0]],  # order_039
    [[50, 10, 38], [40, 44, 85], [9, 42, 200], [55, 40, 17], [40, 50, 13], [0, 0, 0], [0, 0, 0], [0, 0, 0], [0, 0, 0], [0, 0, 0]],  # order_040
    [[50, 80, 40], [42, 46, 90], [9, 44, 210], [58, 80, 18], [50, 20, 14], [0, 0, 0], [0, 0, 0], [0, 0, 0], [0, 0, 0], [0, 0, 0]],  # order_041
    [[50, 60, 42], [44, 48, 95], [10, 46, 220], [60, 30, 19], [70, 30, 15], [0, 0, 0], [0, 0, 0], [0, 0, 0], [0, 0, 0], [0, 0, 0]],  # order_042
    [[50, 30, 44], [46, 50, 100], [10, 48, 230], [62, 40, 20], [30, 60, 16], [0, 0, 0], [0, 0, 0], [0, 0, 0], [0, 0, 0], [0, 0, 0]],  # order_043
    [[20, 80, 46], [48, 52, 105], [11, 50, 240], [65, 80, 21], [40, 30, 17], [0, 0, 0], [0, 0, 0], [0, 0, 0], [0, 0, 0], [0, 0, 0]],  # order_044
    [[20, 770, 48], [50, 54, 110], [11, 52, 250], [68, 43, 22], [70, 10, 18], [0, 0, 0], [0, 0, 0], [0, 0, 0], [0, 0, 0], [0, 0, 0]],  # order_045
    [[20, 40, 50], [52, 56, 115], [12, 54, 260], [70, 67, 23], [30, 50, 19], [0, 0, 0], [0, 0, 0], [0, 0, 0], [0, 0, 0], [0, 0, 0]],  # order_046
    [[20, 80, 52], [54, 58, 120], [12, 56, 270], [72, 38, 24], [30, 30, 20], [0, 0, 0], [0, 0, 0], [0, 0, 0], [0, 0, 0], [0, 0, 0]],  # order_047
    [[220, 80, 54], [56, 60, 125], [13, 58, 280], [75, 80, 25], [90, 30, 21], [0, 0, 0], [0, 0, 0], [0, 0, 0], [0, 0, 0], [0, 0, 0]],  # order_048
    [[50, 80, 56], [58, 62, 130], [13, 60, 290], [78, 80, 26], [34, 20, 22], [0, 0, 0], [0, 0, 0], [0, 0, 0], [0, 0, 0], [0, 0, 0]],  # order_049
    [[550, 80, 58], [60, 64, 135], [14, 62, 300], [25, 80, 27], [220, 80, 23], [0, 0, 0], [0, 0, 0], [0, 0, 0], [0, 0, 0], [0, 0, 0]]   # order_050
]